mantikulore

[119.879811,-0.816924,],
[119.926503,-0.792207,],
[119.974568,-0.806625,],
[120.014394,-0.794267,],
[120.033620,-0.830656,],
[120.037053,-0.869103,],
[119.988301,-0.906864,],
[119.918263,-0.923342,],
[119.890797,-0.905491,],
[119.870198,-0.882148,]
[119.87912491353438,-0.8615517459536165],
[119.88255814080836,-0.8244769033061304]
Palu barat,
[119.84207871430895,-0.8825727159239671],
[119.85260525274406,-0.884085448840542],
[119.85706996710404,-0.8859793442279593],
[119.86018173771859,-0.8848971184107106],
[119.8613993870895,-0.8851676748946401],
[119.86180527021315,-0.88909074169035],
[119.86667586769677,-0.8940960277544828],
[119.86856998894041,-0.9023479709432838],
[119.86302291958404,-0.903024358901531],
[119.86302291958404,-0.9022126933365331],
[119.86234644771132,-0.9018068604861292],
[119.8616699758386,-0.9039713018316085],
[119.86126409271496,-0.9039713018316085],
[119.85476996273678,-0.9050535220207383],
[119.84976407087859,-0.9081649032643866],
[119.84015817028586,-0.908300180649071],
[119.83285227406039,-0.9096529542172983],
[119.83258168531133,-0.9043771344403537],
[119.84367582402405,-0.9012657499485321],
[119.85125230899858,-0.900589361663502],
[119.85152289774767,-0.8976132517194373],
[119.8435405296495,-0.8936901940029769],
[119.84556994526768,-0.8888201854932429],
[119.84151111403129,-0.8863851788279608]

palu timur
[119.86165143306728,-0.8850309105334943],
[119.86573251349049,-0.8848608857881702],
[119.86938848136963,-0.8835856999498963],
[119.87057879649305,-0.8809503144978008],
[119.87746561970724,-0.8831606379065097],
[119.87729557468961,-0.8854559723627278],
[119.87568014702208,-0.8838407371525931],
[119.87610525956616,-0.8831606379065097],
[119.87729557467648,-0.8855409847210455],
[119.88189380366734,-0.8865327130983846],
[119.88459429367488,-0.8893186026514843],
[119.88548285236709,-0.8905032045844216],
[119.88706251197976,-0.8909967885876717],
[119.88874090031827,-0.8974133745989694],
[119.86711930873695,-0.8950441749050032],
[119.86159050009253,-0.8886275847579285],
[119.86159050009253,-0.8850737761829253]

palu selatan
[119.86677431753334,-0.8950651677291315],
[119.88806032663207,-0.8974681329300191],
[119.89149355390605,-0.9098262146480718],
[119.89973329936362,-0.9046770190435227],
[119.9004199448184,-0.9118858908344922],
[119.90728639936638,-0.9108560528884335],
[119.91449617664175,-0.923214088722812 ],
[119.92925905391989,-0.9208111406566283],
[119.93715547665003,-0.941064508947336 ],
[119.90453981754719,-0.9417510617581484],
[119.88531374481288,-0.9314527554518456],
[119.8757007084457,-0.9228708105269762],
[119.86334109025937,-0.9252737572014254],
[119.85990786298538,-0.9201245837685993],
[119.87226748117173,-0.9129157284859426],
[119.86711764026074,-0.8950651677291315]

palu utara
[119.85724768962928,-0.7482896084626615],
[119.87784705327319,-0.7393639692520858],
[119.89466986691572,-0.7510359553454616],
[119.8740705032718,-0.7688871677392011],
[119.89116024490926,-0.7773751052367601],
[119.90362787497061,-0.7779291711227796],
[119.91277080368224,-0.7743277415654842],
[119.91664962192355,-0.7884564090753641],
[119.92080549861068,-0.7928889223755609],
[119.87896967329372,-0.8178217205027535],
[119.859852640533,-0.7854090534424059],
[119.85735911452075,-0.7646315698977874],
[119.86068381587042,-0.7554894451195346]

tatanga
[119.82758490524213,-0.9110435428119437],
[119.83033148706133,-0.9403938061155858],
[119.86191717798201,-0.9328417148537532],
[119.8620888393457,-0.9156778110051464],
[119.87153021434915,-0.9137897765367912],
[119.86809698707518,-0.902461548959393],
[119.84921423706825,-0.9079540273697884],
[119.8399445234285,-0.9081256671859327],
[119.82792822796954,-0.9108719031345732]

tawaeli
[119.83434543331269,-0.6919869514550816],
[119.84327182422507,-0.6610900585991061],
[119.8762308060553,-0.6466714422607871],
[119.89820346060881,-0.6343125956251986],
[119.92704256971028,-0.6343125956251986],
[119.8789773878745,-0.677568425951496],
[119.85975131514019,-0.6919869514550816],
[119.91742953334312,-0.6974797115975858],
[119.95382174244736,-0.6803148150979775],
[119.96134205886364,-0.6898287050904649],
[119.94028485535937,-0.7146442607596185],
[119.90794700712068,-0.7191561657049673],
[119.86658464309443,-0.7469794799197789],
[119.85304786941312,-0.7409636428987957],
[119.8537999123954,-0.728931944416162],
[119.85981625625377,-0.7146442607596185],
[119.83499883783801,-0.6905806935507219]

ulujadi
[119.80634502633548,-0.8018718169608324],
[119.81424144906566,-0.8382603000059108],
[119.82385448543279,-0.8468424406694942],
[119.85200694907947,-0.900394561602436],
[119.8272877127068,-0.9041706435514574],
[119.82179454906841,-0.8736185965415054],
[119.81527141724784,-0.8725887478834785],
[119.81149486724647,-0.8674395003709666],
[119.79982189451492,-0.8684693504353458],
[119.78608898541897,-0.8825439397184301],
[119.78128246723539,-0.8966184757422357],
[119.76823620359426,-0.8928423859872808],
[119.76651958995726,-0.8828872217219751],
[119.76720623541203,-0.8712156159009204],
[119.77029613995863,-0.8629768135243084],
[119.76686291268466,-0.8564544156454289],
[119.75930981268189,-0.836543869610003],
[119.7771625945066,-0.8214392499239695],
[119.79570202178613,-0.8173197982385885],
[119.80668834906288,-0.8018718169608324]

overLayers[1][layers]